{"frustrums": [{"name": "FRONT", "intrinsic": [2055.556149361639, 2055.556149361639, 939.6574698861468, 641.0721821943271, 0.03231600849798887, -0.3214124825527059, 0.0007932583953709973, -0.0006257493541333847, 0.0], "extrinsic": [0.9998926849887427, -0.005993208400016058, 0.0133678704017097, 1.5389142447125008, 0.006042236521329663, 0.9999751560547995, -0.003630241176497072, -0.02363394083934774, -0.013345781499156929, 0.003710623431877962, 0.999904056092345, 2.115270572975561, 0.0, 0.0, 0.0, 1.0]}, {"name": "FRONT_LEFT", "intrinsic": [2063.7008688972, 2063.7008688972, 970.7315379934879, 639.9082229848484, 0.03119623557580319, -0.34029064830905453, -0.0006801050887136624, 0.001067963528920262, 0.0], "extrinsic": [0.7163508489464225, -0.6976495294008019, 0.011251459486630241, 1.492930189258495, 0.6976096514642995, 0.7164356249377603, 0.007795479709391459, 0.09192224912318936, -0.01349945915947628, 0.0022648282231656253, 0.9999063131891514, 2.1152105284507554, 0.0, 0.0, 0.0, 1.0]}, {"name": "FRONT_RIGHT", "intrinsic": [2056.0892196793116, 2056.0892196793116, 935.743715862858, 624.4064324983569, 0.03490672761153742, -0.3141180156718857, 0.0012619308568439455, -0.0026996059700096116, 0.0], "extrinsic": [0.716582596758835, 0.6975019454936628, -0.000646571666883216, 1.490324906589904, -0.6974986018023605, 0.71657554968999, -0.0038964176163232226, -0.09385927001229258, -0.002254441420230414, 0.003243087887177829, 0.9999921999069986, 2.1154927516413125, 0.0, 0.0, 0.0, 1.0]}, {"name": "SIDE_LEFT", "intrinsic": [2066.834902319412, 2066.834902319412, 952.8608233319966, 249.49859488407833, 0.044941016139828975, -0.3435919955955713, 0.00013187735016933997, -0.0011427074991115992, 0.0], "extrinsic": [0.0012964074354981448, -0.9999536359093453, 0.009541769198720481, 1.4314958432756546, 0.9997854749192748, 0.0014933173193322094, 0.020658512623705133, 0.11128578863910166, -0.020671803699754576, 0.009512940400541162, 0.9997410567225569, 2.115330824237742, 0.0, 0.0, 0.0, 1.0]}, {"name": "SIDE_RIGHT", "intrinsic": [2054.797701053215, 2054.797701053215, 972.7435431831157, 242.4987260630087, 0.03337281654124105, -0.313299913027001, -0.0001886604822006906, -0.0012474351513059548, 0.0], "extrinsic": [-0.00192725729868321, 0.9999977777956348, -0.000854449001917361, 1.428371747589099, -0.9999943442124861, -0.0019296044058050511, -0.00275466329645372, -0.11149205023810704, -0.002756305923587554, 0.0008491352243918596, 0.9999958408648639, 2.1156692490324467, 0.0, 0.0, 0.0, 1.0]}], "labels": [{"centerX": -15.761544755165232, "centerY": 3.824796180202611, "centerZ": 3.1089491239688414, "length": 0.20967587542600083, "width": 0.9419047762296565, "height": 0.8199999999999932, "heading": -2.895374473862487, "type": "TYPE_SIGN"}, {"centerX": 46.91053176679816, "centerY": 10.002227391247288, "centerZ": 1.3417332196565042, "length": 0.6005002665916914, "width": 0.6502751322038365, "height": 1.670000000000016, "heading": 0.8764169437705354, "type": "TYPE_PEDESTRIAN"}, {"centerX": -41.66776600070989, "centerY": -18.62329105585195, "centerZ": 0.3847693997124395, "length": 0.6744514215055569, "width": 0.8365666776755165, "height": 2.3400000000000034, "heading": -1.9877999525671504, "type": "TYPE_PEDESTRIAN"}, {"centerX": 4.378824316630926, "centerY": -11.674134170181787, "centerZ": 2.491148530005944, "length": 0.09815591417692988, "width": 0.5251708732803291, "height": 0.5500000000000114, "heading": 1.888898104986115, "type": "TYPE_SIGN"}, {"centerX": -54.41067760131227, "centerY": -5.652359564001017, "centerZ": -0.2300876479831402, "length": 3.269999592140341, "width": 1.612959852137126, "height": 1.200000000000017, "heading": -1.634684365386586, "type": "TYPE_VEHICLE"}, {"centerX": -8.133377660840779, "centerY": -6.906246278551407, "centerZ": 0.7005380781276358, "length": 0.4293157976341144, "width": 0.7148077684575946, "height": 1.8499999999999943, "heading": -0.3045139917813806, "type": "TYPE_PEDESTRIAN"}, {"centerX": 4.631139086197436, "centerY": -8.238831636572286, "centerZ": 0.6325555440249673, "length": 0.6050340925871324, "width": 0.8091393639766878, "height": 1.8700000000000045, "heading": 2.1759435448888595, "type": "TYPE_PEDESTRIAN"}, {"centerX": -61.503850652725305, "centerY": -1.1751520266861917, "centerZ": 0.2392344713404384, "length": 4.307135478585872, "width": 2.2187568427387117, "height": 1.8100000000000023, "heading": -1.9994370360442275, "type": "TYPE_VEHICLE"}, {"centerX": 46.538457652106445, "centerY": 10.356218242566683, "centerZ": 1.5108432465004853, "length": 0.6531362593982591, "width": 0.7289033267385523, "height": 1.8400000000000034, "heading": 0.32209338247283403, "type": "TYPE_PEDESTRIAN"}, {"centerX": 48.49868347508709, "centerY": 5.423029108027549, "centerZ": 2.7670786321211835, "length": 0.11215719155012045, "width": 0.512548531905996, "height": 0.6599999999999966, "heading": -3.0499053070889306, "type": "TYPE_SIGN"}, {"centerX": -46.92738785780239, "centerY": -9.516179900510906, "centerZ": 0.12159645676342734, "length": 4.660016341480805, "width": 2.4698165712433138, "height": 1.740000000000009, "heading": -1.4200724406790108, "type": "TYPE_VEHICLE"}, {"centerX": -35.29633652710254, "centerY": -17.111427155645288, "centerZ": -0.015503433008234424, "length": 0.45574569132436255, "width": 0.7304763808040785, "height": 1.1899999999999977, "heading": -2.752048315773924, "type": "TYPE_PEDESTRIAN"}, {"centerX": -57.18357507678593, "centerY": -4.363000830215242, "centerZ": 0.07190095994053536, "length": 4.085829089663933, "width": 1.826590028786762, "height": 1.80111899438117, "heading": -1.953020229542484, "type": "TYPE_VEHICLE"}, {"centerX": -24.4323877831157, "centerY": -22.175295850118346, "centerZ": -0.24392824584418804, "length": 0.6662173406710751, "width": 0.6702220975751014, "height": 1.2700000000000102, "heading": -2.7427471844184246, "type": "TYPE_PEDESTRIAN"}, {"centerX": -10.7362822133, "centerY": -12.909666343486606, "centerZ": 2.1837133509603746, "length": 0.07687633061371989, "width": 0.419158957331128, "height": 0.5500000000000114, "heading": 1.5768228110734128, "type": "TYPE_SIGN"}, {"centerX": -37.15202557126213, "centerY": -21.090161676287607, "centerZ": -0.2367725632849158, "length": 0.6195581948221329, "width": 0.818227861048837, "height": 1.7299999999999898, "heading": -2.7741165928443987, "type": "TYPE_PEDESTRIAN"}, {"centerX": -35.69456013696981, "centerY": -18.56386772606129, "centerZ": 0.09567929935593611, "length": 0.5313087273259233, "width": 0.6151728282366671, "height": 1.2700000000000102, "heading": -2.7450710813031862, "type": "TYPE_PEDESTRIAN"}, {"centerX": 23.553330606535383, "centerY": -11.327252682449398, "centerZ": 0.5459088294713297, "length": 0.5832729378702637, "width": 0.6608599117664332, "height": 1.6400000000000148, "heading": -0.16326591777234523, "type": "TYPE_PEDESTRIAN"}, {"centerX": 24.045462590585885, "centerY": -10.950637577156158, "centerZ": 0.6512222048239096, "length": 0.49472384187116736, "width": 0.7249458466733926, "height": 1.8199999999999932, "heading": -1.4057720377446543, "type": "TYPE_PEDESTRIAN"}, {"centerX": 48.559049349651104, "centerY": 5.097065431131341, "centerZ": 3.303833601795759, "length": 0.11321019607401459, "width": 0.4841393892440289, "height": 0.5369462453643337, "heading": -3.0499053070879056, "type": "TYPE_SIGN"}, {"centerX": 16.925045322959704, "centerY": 9.010532026928558, "centerZ": 2.0661996557674627, "length": 4.864710804605326, "width": 2.155388526932574, "height": 1.4799999999999898, "heading": -0.9157004369838275, "type": "TYPE_VEHICLE"}, {"centerX": -20.174472279868496, "centerY": -6.285161457337381, "centerZ": 1.174499591976769, "length": 8.85702821644142, "width": 3.2163033175422204, "height": 3.159999999999968, "heading": -0.3098296203346096, "type": "TYPE_VEHICLE"}, {"centerX": -36.904126996767445, "centerY": -18.490805821826143, "centerZ": -0.05819361072752827, "length": 0.7052532307409326, "width": 0.7460462748351576, "height": 1.490000000000009, "heading": -0.11587292278796113, "type": "TYPE_PEDESTRIAN"}, {"centerX": -33.40652187131673, "centerY": -22.52303288992698, "centerZ": -0.21910530010916318, "length": 0.6984653675942426, "width": 0.8163704332069814, "height": 1.8400000000000034, "heading": -2.3904246980111084, "type": "TYPE_PEDESTRIAN"}, {"centerX": -10.739154936403793, "centerY": -12.928419301742906, "centerZ": 2.778415981038137, "length": 0.07770567184383789, "width": 0.42024826907775165, "height": 0.539999999999992, "heading": 1.5768228110764673, "type": "TYPE_SIGN"}, {"centerX": -4.73701239660295, "centerY": 20.5144530890866, "centerZ": 3.819264570358996, "length": 0.13377416637393677, "width": 0.8389155914009281, "height": 0.75, "heading": -0.5221009289320597, "type": "TYPE_SIGN"}, {"centerX": 16.314518127936026, "centerY": -7.497641423327877, "centerZ": 0.7499385261274938, "length": 5.196993050516608, "width": 2.232747032364862, "height": 1.8600000000000136, "heading": -0.37968648039696173, "type": "TYPE_VEHICLE"}, {"centerX": 26.524592827729066, "centerY": -7.376997319961447, "centerZ": 0.6076538713399486, "length": 4.8642107616299795, "width": 2.2634218364857563, "height": 1.8000000000000114, "heading": -0.31654405316730116, "type": "TYPE_VEHICLE"}, {"centerX": -0.2818022381306946, "centerY": 27.369139580818228, "centerZ": 3.260498099614267, "length": 0.05334007905061883, "width": 0.4778634899340904, "height": 0.4900000000000091, "heading": -0.6351429856695172, "type": "TYPE_SIGN"}, {"centerX": 7.571761103530662, "centerY": -11.923013096518844, "centerZ": 0.6218473425349771, "length": 0.7893412923488349, "width": 0.6306767077172898, "height": 1.6903039513688611, "heading": -1.6315192181166125, "type": "TYPE_PEDESTRIAN"}, {"centerX": 5.712346994185282, "centerY": -7.325637771791662, "centerZ": 0.5330056222616406, "length": 4.2221166569187325, "width": 1.854419006843574, "height": 1.5699999999999932, "heading": -0.5144053423427306, "type": "TYPE_VEHICLE"}, {"centerX": -59.315355318984075, "centerY": -3.016324921101841, "centerZ": -0.019044905395560363, "length": 3.6508137829090628, "width": 1.8462245975822782, "height": 1.6500000000000057, "heading": -1.9554265800345598, "type": "TYPE_VEHICLE"}, {"centerX": -34.352303567549825, "centerY": -22.18806484637753, "centerZ": -0.3222154884573456, "length": 0.698465367594929, "width": 0.8163704332051811, "height": 1.8400000000000034, "heading": -2.0994310185150353, "type": "TYPE_PEDESTRIAN"}, {"centerX": -8.798736132706836, "centerY": -7.975630019984237, "centerZ": 0.6238554899945257, "length": 4.985460697791415, "width": 2.3599392345790613, "height": 1.7700000000000102, "heading": -0.6284549479120933, "type": "TYPE_VEHICLE"}, {"centerX": -52.221530152717605, "centerY": -6.734462369227913, "centerZ": -0.23935542898377093, "length": 3.2156757234943196, "width": 1.4803727172158998, "height": 1.1899999999999977, "heading": -1.5763269470538461, "type": "TYPE_VEHICLE"}, {"centerX": 6.51051772475148, "centerY": -5.427742650330401, "centerZ": 0.7982490773810014, "length": 0.618071828847312, "width": 1.0103156935268691, "height": 1.8600000000000136, "heading": -2.3168531495790217, "type": "TYPE_PEDESTRIAN"}, {"centerX": 6.217273630061754, "centerY": 10.222807749481944, "centerZ": 2.1454281596964506, "length": 5.101972215538367, "width": 2.2063356203586704, "height": 1.740000000000009, "heading": -0.9921867194367779, "type": "TYPE_VEHICLE"}, {"centerX": -40.850372481376326, "centerY": -18.926305934808624, "centerZ": 0.3782707201715141, "length": 0.5803385943915527, "width": 0.7173336065864496, "height": 2.3400000000000034, "heading": -1.9877999525683432, "type": "TYPE_PEDESTRIAN"}, {"centerX": 26.81747148206705, "centerY": -12.39509984821234, "centerZ": 2.1893230015563176, "length": 0.08777614682726302, "width": 0.5606638190245974, "height": 0.6160625681767442, "heading": 1.597415181378616, "type": "TYPE_SIGN"}, {"centerX": 0.8876121937191783, "centerY": 52.87253688527926, "centerZ": 3.237333236904476, "length": 0.07613298490651199, "width": 0.4503017398633701, "height": 0.535531914893653, "heading": -2.0756847843412247, "type": "TYPE_SIGN"}, {"centerX": -38.42534757858812, "centerY": -20.13880271718881, "centerZ": -0.502738159624613, "length": 0.5277109049470924, "width": 0.4663362961506497, "height": 1.960000000000008, "heading": -2.0772152610594565, "type": "TYPE_PEDESTRIAN"}, {"centerX": 8.271993637210471, "centerY": -12.04301392423804, "centerZ": 0.6202603417069668, "length": 1.2697713364227463, "width": 0.9030706966436318, "height": 1.7903039513688555, "heading": -1.6315192181167446, "type": "TYPE_PEDESTRIAN"}, {"centerX": -32.41856629975882, "centerY": -22.731317491392474, "centerZ": -0.25134352895423717, "length": 0.9287632185919209, "width": 0.8098273769557021, "height": 1.7800000000000011, "heading": -1.846269257719042, "type": "TYPE_PEDESTRIAN"}, {"centerX": 23.16524572320668, "centerY": -12.09740172633974, "centerZ": 0.5814670119561924, "length": 0.8183471466769404, "width": 0.7564976285457766, "height": 1.6599999999999966, "heading": -1.5986437062840513, "type": "TYPE_PEDESTRIAN"}]}