{"frustrums": [{"name": "FRONT", "intrinsic": [2055.556149361639, 2055.556149361639, 939.6574698861468, 641.0721821943271, 0.03231600849798887, -0.3214124825527059, 0.0007932583953709973, -0.0006257493541333847, 0.0], "extrinsic": [0.9998926849887427, -0.005993208400016058, 0.0133678704017097, 1.5389142447125008, 0.006042236521329663, 0.9999751560547995, -0.003630241176497072, -0.02363394083934774, -0.013345781499156929, 0.003710623431877962, 0.999904056092345, 2.115270572975561, 0.0, 0.0, 0.0, 1.0]}, {"name": "FRONT_LEFT", "intrinsic": [2063.7008688972, 2063.7008688972, 970.7315379934879, 639.9082229848484, 0.03119623557580319, -0.34029064830905453, -0.0006801050887136624, 0.001067963528920262, 0.0], "extrinsic": [0.7163508489464225, -0.6976495294008019, 0.011251459486630241, 1.492930189258495, 0.6976096514642995, 0.7164356249377603, 0.007795479709391459, 0.09192224912318936, -0.01349945915947628, 0.0022648282231656253, 0.9999063131891514, 2.1152105284507554, 0.0, 0.0, 0.0, 1.0]}, {"name": "FRONT_RIGHT", "intrinsic": [2056.0892196793116, 2056.0892196793116, 935.743715862858, 624.4064324983569, 0.03490672761153742, -0.3141180156718857, 0.0012619308568439455, -0.0026996059700096116, 0.0], "extrinsic": [0.716582596758835, 0.6975019454936628, -0.000646571666883216, 1.490324906589904, -0.6974986018023605, 0.71657554968999, -0.0038964176163232226, -0.09385927001229258, -0.002254441420230414, 0.003243087887177829, 0.9999921999069986, 2.1154927516413125, 0.0, 0.0, 0.0, 1.0]}, {"name": "SIDE_LEFT", "intrinsic": [2066.834902319412, 2066.834902319412, 952.8608233319966, 249.49859488407833, 0.044941016139828975, -0.3435919955955713, 0.00013187735016933997, -0.0011427074991115992, 0.0], "extrinsic": [0.0012964074354981448, -0.9999536359093453, 0.009541769198720481, 1.4314958432756546, 0.9997854749192748, 0.0014933173193322094, 0.020658512623705133, 0.11128578863910166, -0.020671803699754576, 0.009512940400541162, 0.9997410567225569, 2.115330824237742, 0.0, 0.0, 0.0, 1.0]}, {"name": "SIDE_RIGHT", "intrinsic": [2054.797701053215, 2054.797701053215, 972.7435431831157, 242.4987260630087, 0.03337281654124105, -0.313299913027001, -0.0001886604822006906, -0.0012474351513059548, 0.0], "extrinsic": [-0.00192725729868321, 0.9999977777956348, -0.000854449001917361, 1.428371747589099, -0.9999943442124861, -0.0019296044058050511, -0.00275466329645372, -0.11149205023810704, -0.002756305923587554, 0.0008491352243918596, 0.9999958408648639, 2.1156692490324467, 0.0, 0.0, 0.0, 1.0]}]}